
EFFECTIVE
Ar
  1.360e-5 / mass ratio
COMMENT: EFFECTIVE MOMENTUM-TRANSFER CROSS SECTION
UPDATED: 2011-06-06 18:21:14
------------------------------------------------------------
 0.0000e+0	7.5000e-20
 1.0000e-3	7.5000e-20
 2.0000e-3	7.1000e-20
 3.0000e-3	6.7000e-20
 5.0000e-3	6.1000e-20
 7.0000e-3	5.4000e-20
 8.5000e-3	5.0500e-20
 1.0000e-2	4.6000e-20
 1.5000e-2	3.7500e-20
 2.0000e-2	3.2500e-20
 3.0000e-2	2.5000e-20
 4.0000e-2	2.0500e-20
 5.0000e-2	1.7300e-20
 7.0000e-2	1.1300e-20
 1.0000e-1	5.9000e-21
 1.2000e-1	4.0000e-21
 1.5000e-1	2.3000e-21
 1.7000e-1	1.6000e-21
 2.0000e-1	1.0300e-21
 2.5000e-1	9.1000e-22
 3.0000e-1	1.5300e-21
 3.5000e-1	2.3500e-21
 4.0000e-1	3.3000e-21
 5.0000e-1	5.1000e-21
 7.0000e-1	8.6000e-21
 1.0000e+0	1.3800e-20
 1.2000e+0	1.6600e-20
 1.3000e+0	1.8200e-20
 1.5000e+0	2.1000e-20
 1.7000e+0	2.3000e-20
 1.9000e+0	2.5000e-20
 2.1000e+0	2.8000e-20
 2.2000e+0	2.9000e-20
 2.5000e+0	3.3000e-20
 2.8000e+0	3.8000e-20
 3.0000e+0	4.1000e-20
 3.3000e+0	4.5000e-20
 3.6000e+0	4.9000e-20
 4.0000e+0	5.4000e-20
 4.5000e+0	6.1000e-20
 5.0000e+0	6.7000e-20
 6.0000e+0	8.1000e-20
 7.0000e+0	9.6000e-20
 8.0000e+0	1.1700e-19
 1.0000e+1	1.5000e-19
 1.2000e+1	1.5200e-19
 1.5000e+1	1.4100e-19
 1.7000e+1	1.3100e-19
 2.0000e+1	1.1000e-19
 2.5000e+1	9.4500e-20
 3.0000e+1	8.7400e-20
 5.0000e+1	6.9000e-20
 7.5000e+1	5.8500e-20
 1.0000e+2	5.2500e-20
 1.5000e+2	4.2400e-20
 2.0000e+2	3.7600e-20
 3.0000e+2	3.0200e-20
 5.0000e+2	2.1000e-20
 7.0000e+2	1.6400e-20
 1.0000e+3	1.2100e-20
 1.5000e+3	8.8000e-21
 2.0000e+3	6.6000e-21
 3.0000e+3	4.5000e-21
 5.0000e+3	3.1000e-21
 7.0000e+3	2.3000e-21
 1.0000e+4	1.7500e-21
---------------------------

EXCITATION
Ar -> Ar*
11.5
---------------------------
 0.0000e+0      0.0000e+0
 1.1500e+1	0.0000e+0
 1.2700e+1	7.0000e-22
 1.3700e+1	1.4100e-21
 1.4700e+1	2.2800e-21
 1.5900e+1	3.8000e-21
 1.6500e+1	4.8000e-21
 1.7500e+1	6.1000e-21
 1.8500e+1	7.5000e-21
 1.9900e+1	9.2000e-21
 2.2200e+1	1.1700e-20
 2.4700e+1	1.3300e-20
 2.7000e+1	1.4200e-20
 3.0000e+1	1.4400e-20
 3.3000e+1	1.4100e-20
 3.5300e+1	1.3400e-20
 4.2000e+1	1.2500e-20
 4.8000e+1	1.1600e-20
 5.2000e+1	1.1100e-20
 7.0000e+1	9.4000e-21
 1.0000e+2	7.6000e-21
 1.5000e+2	6.0000e-21
 2.0000e+2	5.0500e-21
 3.0000e+2	3.9500e-21
 5.0000e+2	2.8000e-21
 7.0000e+2	2.2500e-21
 1.0000e+3	1.7700e-21
 1.5000e+3	1.3600e-21
 2.0000e+3	1.1000e-21
 3.0000e+3	8.3000e-22
 5.0000e+3	5.8000e-22
 7.0000e+3	4.5000e-22
 1.0000e+4	3.5000e-22
 0.1000e+07     3.5000e-22
-----------------------------

IONIZATION
Ar -> Ar^+
15.80
----------------------------
 0.0000e+0      0.0000e+0
 1.5800e+1	0.0000e+0
 1.6000e+1	2.0200e-22
 1.7000e+1	1.3400e-21
 1.8000e+1	2.9400e-21
 2.0000e+1	6.3000e-21
 2.2000e+1	9.3000e-21
 2.3750e+1	1.1500e-20
 2.5000e+1	1.3000e-20
 2.6500e+1	1.4500e-20
 3.0000e+1	1.8000e-20
 3.2500e+1	1.9900e-20
 3.5000e+1	2.1700e-20
 3.7500e+1	2.3100e-20
 4.0000e+1	2.3900e-20
 5.0000e+1	2.5300e-20
 5.5000e+1	2.6000e-20
 1.0000e+2	2.8500e-20
 1.5000e+2	2.5200e-20
 2.0000e+2	2.3900e-20
 3.0000e+2	2.0000e-20
 5.0000e+2	1.4500e-20
 7.0000e+2	1.1500e-20
 1.0000e+3	8.6000e-21
 1.5000e+3	6.4000e-21
 2.0000e+3	5.2000e-21
 3.0000e+3	3.6000e-21
 5.0000e+3	2.4000e-21
 7.0000e+3	1.8000e-21
 1.0000e+4	1.3500e-21
 1.0000e+6	1.3500e-21
---------------------------------