
EFFECTIVE
Ar
  1.360e-5 / mass ratio
COMMENT: EFFECTIVE MOMENTUM-TRANSFER CROSS SECTION
UPDATED: 2011-06-06 18:21:14
------------------------------------------------------------
 0.0000e+0	7.5000e-20
 1.0000e-3	7.5000e-20
 2.0000e-3	7.1000e-20
 3.0000e-3	6.7000e-20
 5.0000e-3	6.1000e-20
 7.0000e-3	5.4000e-20
 8.5000e-3	5.0500e-20
 1.0000e-2	4.6000e-20
 1.5000e-2	3.7500e-20
 2.0000e-2	3.2500e-20
 3.0000e-2	2.5000e-20
 4.0000e-2	2.0500e-20
 5.0000e-2	1.7300e-20
 7.0000e-2	1.1300e-20
 1.0000e-1	5.9000e-21
 1.2000e-1	4.0000e-21
 1.5000e-1	2.3000e-21
 1.7000e-1	1.6000e-21
 2.0000e-1	1.0300e-21
 2.5000e-1	9.1000e-22
 3.0000e-1	1.5300e-21
 3.5000e-1	2.3500e-21
 4.0000e-1	3.3000e-21
 5.0000e-1	5.1000e-21
 7.0000e-1	8.6000e-21
 1.0000e+0	1.3800e-20
 1.2000e+0	1.6600e-20
 1.3000e+0	1.8200e-20
 1.5000e+0	2.1000e-20
 1.7000e+0	2.3000e-20
 1.9000e+0	2.5000e-20
 2.1000e+0	2.8000e-20
 2.2000e+0	2.9000e-20
 2.5000e+0	3.3000e-20
 2.8000e+0	3.8000e-20
 3.0000e+0	4.1000e-20
 3.3000e+0	4.5000e-20
 3.6000e+0	4.9000e-20
 4.0000e+0	5.4000e-20
 4.5000e+0	6.1000e-20
 5.0000e+0	6.7000e-20
 6.0000e+0	8.1000e-20
 7.0000e+0	9.6000e-20
 8.0000e+0	1.1700e-19
 1.0000e+1	1.5000e-19
 1.2000e+1	1.5200e-19
 1.5000e+1	1.4100e-19
 1.7000e+1	1.3100e-19
 2.0000e+1	1.1000e-19
 2.5000e+1	9.4500e-20
 3.0000e+1	8.7400e-20
 5.0000e+1	6.9000e-20
 7.5000e+1	5.8500e-20
 1.0000e+2	5.2500e-20
 1.5000e+2	4.2400e-20
 2.0000e+2	3.7600e-20
 3.0000e+2	3.0200e-20
 5.0000e+2	2.1000e-20
 7.0000e+2	1.6400e-20
 1.0000e+3	1.2100e-20
 1.5000e+3	8.8000e-21
 2.0000e+3	6.6000e-21
 3.0000e+3	4.5000e-21
 5.0000e+3	3.1000e-21
 7.0000e+3	2.3000e-21
 1.0000e+4	1.7500e-21
---------------------------

EXCITATION
Ar -> Ar*
11.5
---------------------------
 0.0000e+0      0.0000e+0
 1.1500e+1	0.0000e+0
 1.2700e+1	7.0000e-22
 1.3700e+1	1.4100e-21
 1.4700e+1	2.2800e-21
 1.5900e+1	3.8000e-21
 1.6500e+1	4.8000e-21
 1.7500e+1	6.1000e-21
 1.8500e+1	7.5000e-21
 1.9900e+1	9.2000e-21
 2.2200e+1	1.1700e-20
 2.4700e+1	1.3300e-20
 2.7000e+1	1.4200e-20
 3.0000e+1	1.4400e-20
 3.3000e+1	1.4100e-20
 3.5300e+1	1.3400e-20
 4.2000e+1	1.2500e-20
 4.8000e+1	1.1600e-20
 5.2000e+1	1.1100e-20
 7.0000e+1	9.4000e-21
 1.0000e+2	7.6000e-21
 1.5000e+2	6.0000e-21
 2.0000e+2	5.0500e-21
 3.0000e+2	3.9500e-21
 5.0000e+2	2.8000e-21
 7.0000e+2	2.2500e-21
 1.0000e+3	1.7700e-21
 1.5000e+3	1.3600e-21
 2.0000e+3	1.1000e-21
 3.0000e+3	8.3000e-22
 5.0000e+3	5.8000e-22
 7.0000e+3	4.5000e-22
 1.0000e+4	3.5000e-22
 0.1000e+07     3.5000e-22
-----------------------------

IONIZATION
Ar -> Ar^+
15.80
----------------------------
 0.0000e+0      0.0000e+0
 1.5800e+1	0.0000e+0
 1.6000e+1	2.0200e-22
 1.7000e+1	1.3400e-21
 1.8000e+1	2.9400e-21
 2.0000e+1	6.3000e-21
 2.2000e+1	9.3000e-21
 2.3750e+1	1.1500e-20
 2.5000e+1	1.3000e-20
 2.6500e+1	1.4500e-20
 3.0000e+1	1.8000e-20
 3.2500e+1	1.9900e-20
 3.5000e+1	2.1700e-20
 3.7500e+1	2.3100e-20
 4.0000e+1	2.3900e-20
 5.0000e+1	2.5300e-20
 5.5000e+1	2.6000e-20
 1.0000e+2	2.8500e-20
 1.5000e+2	2.5200e-20
 2.0000e+2	2.3900e-20
 3.0000e+2	2.0000e-20
 5.0000e+2	1.4500e-20
 7.0000e+2	1.1500e-20
 1.0000e+3	8.6000e-21
 1.5000e+3	6.4000e-21
 2.0000e+3	5.2000e-21
 3.0000e+3	3.6000e-21
 5.0000e+3	2.4000e-21
 7.0000e+3	1.8000e-21
 1.0000e+4	1.3500e-21
 1.0000e+6	1.3500e-21
---------------------------------

EFFECTIVE
H2
  2.720e-4 / mass ratio
UPDATED: 2011-06-06 18:19:56
------------------------------------------------------------
 0.0000e+0	6.4000e-20
 1.0000e-3	6.4000e-20
 2.0000e-3	6.5000e-20
 3.0000e-3	6.6000e-20
 5.0000e-3	6.8000e-20
 7.0000e-3	7.1000e-20
 8.5000e-3	7.2000e-20
 1.0000e-2	7.3000e-20
 1.5000e-2	7.7000e-20
 2.0000e-2	8.0000e-20
 3.0000e-2	8.5000e-20
 4.0000e-2	8.9600e-20
 5.0000e-2	9.2800e-20
 7.0000e-2	9.8500e-20
 1.0000e-1	1.0500e-19
 1.2000e-1	1.0850e-19
 1.5000e-1	1.1400e-19
 1.7000e-1	1.1600e-19
 2.0000e-1	1.2000e-19
 2.5000e-1	1.2500e-19
 3.0000e-1	1.3000e-19
 3.5000e-1	1.3450e-19
 4.0000e-1	1.3900e-19
 5.0000e-1	1.4700e-19
 7.0000e-1	1.6300e-19
 1.0000e+0	1.7400e-19
 1.2000e+0	1.7800e-19
 1.3000e+0	1.8000e-19
 1.5000e+0	1.8250e-19
 1.7000e+0	1.8250e-19
 1.9000e+0	1.8100e-19
 2.1000e+0	1.7900e-19
 2.2000e+0	1.7700e-19
 2.5000e+0	1.7000e-19
 2.8000e+0	1.6400e-19
 3.0000e+0	1.6000e-19
 3.3000e+0	1.5600e-19
 3.6000e+0	1.4800e-19
 4.0000e+0	1.4000e-19
 4.5000e+0	1.3100e-19
 5.0000e+0	1.2200e-19
 6.0000e+0	1.0400e-19
 7.0000e+0	8.9000e-20
 8.0000e+0	7.8500e-20
 1.0000e+1	6.0000e-20
 1.2000e+1	5.2000e-20
 1.5000e+1	4.5000e-20
 1.7000e+1	4.2000e-20
 2.0000e+1	3.9000e-20
 2.5000e+1	3.6000e-20
 3.0000e+1	3.4000e-20
 5.0000e+1	2.9000e-20
 7.5000e+1	2.6000e-20
 1.0000e+2	2.3000e-20
 1.5000e+2	1.9000e-20
 2.0000e+2	1.6200e-20
 3.0000e+2	1.2800e-20
 5.0000e+2	9.2000e-21
 7.0000e+2	7.2000e-21
 1.0000e+3	5.4000e-21
 1.5000e+3	3.7000e-21
 2.0000e+3	2.9000e-21
 3.0000e+3	2.1000e-21
 5.0000e+3	1.4000e-21
 7.0000e+3	1.0400e-21
 1.0000e+4	7.7000e-22
------------------------------------------------------------

EXCITATION
H2 -> H2(j0-2)(0.044eV)
  4.400e-2 / threshold energy
COMMENT: Qrot H2 J=0 -J=2 CROMPTON ET AL (1969), HENRY-LAN(1969)
UPDATED: 2010-06-24 12:57:06
------------------------------------------------------------
 4.4000e-2	 0.0000e+0
 4.7000e-2	1.8400e-22
 5.0000e-2	2.6800e-22
 5.5000e-2	3.5200e-22
 6.0000e-2	4.2000e-22
 7.0000e-2	5.2800e-22
 9.0000e-2	6.8000e-22
 1.1000e-1	7.9200e-22
 2.0000e-1	1.2000e-21
 4.0000e-1	2.1000e-21
 6.0000e-1	3.0480e-21
 8.0000e-1	4.5000e-21
 1.0000e+0	6.0000e-21
 2.0000e+0	1.3100e-20
 3.0000e+0	1.8000e-20
 4.0000e+0	1.8000e-20
 6.0000e+0	1.5200e-20
 1.0000e+1	1.1600e-20
 2.0000e+1	6.6000e-21
 3.0000e+1	5.0000e-21
 5.0000e+1	3.4000e-21
 7.0000e+1	2.6400e-21
 1.0000e+2	2.0000e-21
 1.2500e+2	1.7000e-21
 1.5000e+2	1.4600e-21
 5.0000e+2	5.2000e-22
 1.0000e+3	2.8000e-22
 3.0000e+3	1.0000e-22
 1.0000e+4	4.0000e-23
------------------------------------------------------------

EXCITATION
H2 -> H2(j1-3)(0.073eV)
  7.300e-2 / threshold energy
COMMENT: H2 J=1-J=3 GIBSON (1970), HEAPS AND GREEN (1975),CALD.(1976);
UPDATED: 2010-06-24 12:57:26
------------------------------------------------------------
 7.3000e-2	 0.0000e+0
 7.5000e-2	1.0125e-22
 8.0000e-2	1.7280e-22
 8.5000e-2	2.1735e-22
 9.0000e-2	2.5380e-22
 1.0000e-1	2.9835e-22
 1.2000e-1	3.8475e-22
 1.5000e-1	4.7655e-22
 2.0000e-1	6.0750e-22
 3.0000e-1	8.9100e-22
 4.0000e-1	1.1948e-21
 5.0000e-1	1.5188e-21
 7.0000e-1	2.2275e-21
 1.0000e+0	3.5438e-21
 1.4000e+0	5.0625e-21
 2.0000e+0	7.5937e-21
 2.7000e+0	1.0125e-20
 3.3000e+0	1.1137e-20
 5.0000e+0	1.0125e-20
 7.0000e+0	8.8088e-21
 1.0000e+1	7.0875e-21
 2.0000e+1	4.0500e-21
 3.0000e+1	3.0375e-21
 5.0000e+1	2.0655e-21
 1.0000e+2	1.1745e-21
 1.2500e+2	1.0030e-21
 1.5000e+2	8.5050e-22
 5.0000e+2	3.1320e-22
 1.0000e+3	1.8225e-22
 1.5000e+3	 0.0000e+0
 2.0000e+3	 0.0000e+0
 3.0000e+3	 0.0000e+0
 5.0000e+3	 0.0000e+0
 7.0000e+3	 0.0000e+0
 1.0000e+4	 0.0000e+0
------------------------------------------------------------

EXCITATION
H2 -> H2(V1)(0.516eV)
  5.160e-1 / threshold energy
COMMENT: H2 V=1 EHRHARDT ET AL 1968 EXCPT CROMPTON THRESHOLD
UPDATED: 2010-06-24 12:57:47
------------------------------------------------------------
 5.1600e-1	 0.0000e+0
 7.0000e-1	2.0000e-22
 1.0000e+0	6.0000e-22
 1.5000e+0	2.0000e-21
 2.0000e+0	4.0000e-21
 2.5000e+0	4.9000e-21
 3.0000e+0	5.1000e-21
 3.3000e+0	5.0000e-21
 4.0000e+0	4.4000e-21
 5.0000e+0	3.6000e-21
 7.0000e+0	2.2000e-21
 8.0000e+0	1.6000e-21
 1.0000e+1	9.0000e-22
 1.2000e+1	6.0000e-22
 1.6000e+1	2.0000e-22
 5.0000e+1	9.0000e-23
 1.0000e+2	8.0000e-23
 1.5000e+2	8.0000e-23
 2.0000e+2	8.0000e-23
 3.0000e+2	7.0000e-23
 5.0000e+2	7.0000e-23
 7.0000e+2	7.0000e-23
 1.0000e+3	6.0000e-23
 1.5000e+3	 0.0000e+0
------------------------------------------------------------

EXCITATION
H2 -> H2(V2)(1eV)
  1.000e+0 / threshold energy
COMMENT: H2 V=2 EHRHARDT ET AL 1968
UPDATED: 2010-06-24 12:58:04
------------------------------------------------------------
 1.3000e+0	 0.0000e+0
 1.5000e+0	3.0000e-23
 1.8000e+0	8.0000e-23
 2.1500e+0	1.8000e-22
 2.3000e+0	2.4000e-22
 2.5000e+0	2.9000e-22
 3.0000e+0	3.6000e-22
 3.6000e+0	3.8000e-22
 4.0000e+0	3.8000e-22
 6.0000e+0	3.0000e-22
 9.0000e+0	1.7000e-22
 1.2000e+1	8.0000e-23
 1.6000e+1	 0.0000e+0
------------------------------------------------------------

EXCITATION
H2 -> H2(V3)(1.5eV)
  1.500e+0 / threshold energy
COMMENT: H2 V=3 EHRHARDT ET AL 1968
UPDATED: 2010-06-24 12:59:09
------------------------------------------------------------
 1.5000e+0	 0.0000e+0
 1.8000e+0	3.0000e-24
 1.9000e+0	1.0000e-23
 2.0000e+0	1.3000e-23
 2.2000e+0	2.0000e-23
 2.5000e+0	2.9000e-23
 3.0000e+0	3.7000e-23
 3.3000e+0	4.1000e-23
 3.7000e+0	4.1000e-23
 5.0000e+0	3.4000e-23
 7.0000e+0	2.3000e-23
 1.0000e+1	1.2000e-23
 1.2000e+1	6.0000e-24
 1.4000e+1	1.0000e-24
 1.6000e+1	 0.0000e+0
------------------------------------------------------------

EXCITATION
H2 -> H2(B3SIG)(8.9eV)
  8.900e+0 / threshold energy
COMMENT: (B3SIG) EXCITATION - 84/07/06
UPDATED: 2010-06-24 13:34:57
------------------------------------------------------------
 8.9000e+0	 0.0000e+0
 1.0000e+1	1.1500e-21
 1.2000e+1	2.9900e-21
 1.7000e+1	3.3350e-21
 2.0000e+1	2.8750e-21
 2.5000e+1	2.0700e-21
 3.0000e+1	1.3800e-21
 4.0000e+1	5.7500e-22
 5.0000e+1	2.8700e-22
 6.0000e+1	1.3800e-22
 8.0000e+1	3.4000e-23
 1.0000e+2	 0.0000e+0
 1.0000e+4	 0.0000e+0
------------------------------------------------------------

EXCITATION
H2 -> H2(B1SIG)(11.3eV)
  1.130e+1 / threshold energy
COMMENT: (B1SIG) EXCITATION - 84/07/06
UPDATED: 2010-06-24 13:39:53
------------------------------------------------------------
 1.1300e+1	 0.0000e+0
 1.1700e+1	1.0000e-21
 1.2500e+1	9.0000e-22
 1.6000e+1	2.0000e-21
 2.0000e+1	3.0000e-21
 2.5000e+1	4.1000e-21
 3.0000e+1	4.5000e-21
 4.0000e+1	4.8000e-21
 5.0000e+1	4.7000e-21
 7.0000e+1	4.2000e-21
 1.0000e+2	3.8000e-21
 1.5000e+2	3.2000e-21
 2.0000e+2	2.8000e-21
 3.0000e+2	2.3000e-21
 5.0000e+2	1.7000e-21
 7.0000e+2	1.3500e-21
 1.0000e+3	1.0000e-21
 1.5000e+3	7.5000e-22
 2.0000e+3	6.0000e-22
 3.0000e+3	4.4000e-22
 5.0000e+3	2.9000e-22
 7.0000e+3	2.1000e-22
 1.0000e+4	1.6000e-22
------------------------------------------------------------

EXCITATION
H2 -> H2(C3PI)(11.75eV)
  1.175e+1 / threshold energy
COMMENT: (C3PI) EXCITATION - 84/07/06
UPDATED: 2010-06-24 13:40:21
------------------------------------------------------------
 1.1750e+1	 0.0000e+0
 1.1880e+1	8.0000e-22
 1.2250e+1	1.4000e-21
 1.2900e+1	1.2000e-21
 1.3500e+1	1.4000e-21
 1.5500e+1	2.0000e-21
 2.0000e+1	1.2000e-21
 2.5000e+1	7.2000e-22
 3.0000e+1	4.3000e-22
 3.5000e+1	3.0000e-22
 4.0000e+1	2.0000e-22
 5.0000e+1	1.0400e-22
 6.0000e+1	7.0000e-23
 7.0000e+1	4.0000e-23
 1.0000e+2	1.4000e-23
 1.5000e+2	 0.0000e+0
------------------------------------------------------------

EXCITATION
H2 -> H2(A3SIG)(11.8eV)
  1.180e+1 / threshold energy
COMMENT: (A3SIG) EXCITATION - 84/05/25
UPDATED: 2010-06-24 13:40:42
------------------------------------------------------------
 1.1800e+1	 0.0000e+0
 1.3000e+1	1.1000e-21
 1.4000e+1	1.2000e-21
 1.5000e+1	1.2200e-21
 1.6000e+1	1.2100e-21
 1.7000e+1	1.1600e-21
 2.0000e+1	8.5000e-22
 2.5000e+1	5.5000e-22
 3.0000e+1	3.5000e-22
 5.0000e+1	8.0000e-23
 7.0000e+1	 0.0000e+0
------------------------------------------------------------

EXCITATION
H2 -> H2(C1PI)(12.4eV)
  1.240e+1 / threshold energy
UPDATED: 2010-06-24 13:00:01
------------------------------------------------------------
 1.2400e+1	 0.0000e+0
 1.3000e+1	3.0000e-22
 1.4000e+1	1.0000e-21
 1.6000e+1	1.8000e-21
 1.8000e+1	2.3000e-21
 2.2000e+1	3.2000e-21
 3.0000e+1	3.9000e-21
 4.0000e+1	4.0000e-21
 6.0000e+1	4.0000e-21
 8.0000e+1	3.8000e-21
 1.0000e+2	3.6000e-21
 1.5000e+2	3.0000e-21
 2.0000e+2	2.6000e-21
 3.0000e+2	2.1000e-21
 5.0000e+2	1.6000e-21
 7.0000e+2	1.2000e-21
 1.0000e+3	9.0000e-22
 1.5000e+3	6.6000e-22
 2.0000e+3	5.3000e-22
 3.0000e+3	3.8000e-22
 5.0000e+3	2.5000e-22
 7.0000e+3	1.9000e-22
 1.0000e+4	1.4000e-22
------------------------------------------------------------

EXCITATION
H2 -> H2(G1SIG)(13.86eV)
  1.386e+1 / threshold energy
COMMENT: H2 G1SIG V = 2 Excitation (DAY, ANDERSON AND SHARPTON, 79)
UPDATED: 2010-06-24 13:11:59
------------------------------------------------------------
 2.5000e+1	 0.0000e+0
 2.8000e+1	1.0000e-24
 3.0000e+1	1.0000e-24
 3.5000e+1	1.0000e-24
 5.0000e+1	1.0000e-24
 7.0000e+1	 0.0000e+0
------------------------------------------------------------

EXCITATION
H2 -> H2(D3PI)(14.0eV)
  1.400e+1 / threshold energy
UPDATED: 2010-06-24 13:12:16
------------------------------------------------------------
 1.4000e+1	 0.0000e+0
 1.5600e+1	4.1000e-22
 2.0000e+1	3.1000e-22
 2.5000e+1	2.0000e-22
 3.0000e+1	1.2000e-22
 4.0000e+1	5.3000e-23
 5.0000e+1	2.8000e-23
 7.0000e+1	1.0000e-23
 1.0000e+2	4.0000e-24
 1.5000e+2	 0.0000e+0
------------------------------------------------------------

EXCITATION
H2 -> H(n=2)(15.0eV)
  1.500e+1 / threshold energy
COMMENT: H2 DISSOCIATIVE Excitation TO N = 2 (LYMAN ALPHA)
UPDATED: 2010-06-24 13:12:44
------------------------------------------------------------
 1.7000e+1	 0.0000e+0
 2.0000e+1	5.0000e-22
 2.5000e+1	7.0000e-22
 3.0000e+1	9.5000e-22
 3.5000e+1	1.0500e-21
 4.0000e+1	1.1500e-21
 5.0000e+1	1.2500e-21
 6.0000e+1	1.3000e-21
 7.0000e+1	1.3000e-21
 1.0000e+2	1.2500e-21
 1.5000e+2	1.1000e-21
 2.0000e+2	9.0000e-22
 3.0000e+2	7.0000e-22
 5.0000e+2	5.0000e-22
 7.0000e+2	4.0000e-22
 1.0000e+3	3.6000e-22
 1.5000e+3	1.9000e-22
 2.0000e+3	1.5400e-22
 3.0000e+3	1.1300e-22
 5.0000e+3	7.3000e-23
 7.0000e+3	5.6000e-23
 1.0000e+4	4.2000e-23
------------------------------------------------------------

EXCITATION
H2 -> H2(RYDBERG_SUM)(15.2eV)
  1.520e+1 / threshold energy
COMMENT: H2 (RYDBERG SUM) Excitation - from Garvey et al, J. Appl. Phys. 48, 4353 (1977)
UPDATED: 2010-06-24 13:12:58
------------------------------------------------------------
 1.6000e+1	 0.0000e+0
 1.7000e+1	1.3000e-22
 1.8000e+1	3.0000e-22
 2.0000e+1	6.3000e-22
 2.2000e+1	9.5000e-22
 3.0000e+1	1.9000e-21
 4.0000e+1	2.2000e-21
 6.0000e+1	2.4000e-21
 8.0000e+1	2.3000e-21
 1.0000e+2	2.1000e-21
 1.5000e+2	1.7500e-21
 2.0000e+2	1.5000e-21
 3.0000e+2	1.2000e-21
 5.0000e+2	8.5000e-22
 7.0000e+2	6.7000e-22
 1.0000e+3	5.2000e-22
 1.5000e+3	3.8500e-22
 2.0000e+3	3.1000e-22
 3.0000e+3	2.2600e-22
 5.0000e+3	1.5000e-22
 7.0000e+3	1.1400e-22
 1.0000e+4	8.5000e-23
------------------------------------------------------------

EXCITATION
H2 -> H(n=3)(16.6eV)
  1.660e+1 / threshold energy
COMMENT: H2 Dissociative Excitation TO N = 3 (BALMER ALPHA)
UPDATED: 2010-06-24 13:13:11
------------------------------------------------------------
 1.6600e+1	 0.0000e+0
 1.8000e+1	4.5000e-23
 1.9000e+1	5.6000e-23
 2.0000e+1	5.8000e-23
 2.5000e+1	6.0000e-23
 3.0000e+1	6.8000e-23
 4.0000e+1	8.0000e-23
 5.0000e+1	9.2000e-23
 6.0000e+1	9.4000e-23
 8.0000e+1	9.4000e-23
 1.0000e+2	8.7000e-23
 1.5000e+2	7.2000e-23
 2.0000e+2	6.0000e-23
 3.0000e+2	4.3000e-23
 5.0000e+2	2.8000e-23
 7.0000e+2	2.1000e-23
 1.0000e+3	1.5000e-23
 1.5000e+3	1.1000e-23
 2.0000e+3	8.0000e-24
 3.0000e+3	6.0000e-24
 5.0000e+3	4.0000e-24
 7.0000e+3	3.0000e-24
 1.0000e+4	2.0000e-24
------------------------------------------------------------

IONIZATION
H2 -> H2^+
  1.540e+1 / threshold energy
COMMENT: total ionization, RAPP AND ENGLANDER-GOLDEN (1965)
UPDATED: 2010-03-13 12:04:58
------------------------------------------------------------
 1.5400e+1	 0.0000e+0
 1.9500e+1	2.4900e-21
 2.1000e+1	3.3600e-21
 2.3000e+1	4.3900e-21
 2.5000e+1	5.2400e-21
 2.8000e+1	6.3100e-21
 3.2000e+1	7.3000e-21
 4.0000e+1	8.6500e-21
 5.0000e+1	9.4000e-21
 7.0000e+1	9.6700e-21
 1.0000e+2	9.3200e-21
 1.5000e+2	8.0000e-21
 2.0000e+2	7.1200e-21
 3.0000e+2	5.7100e-21
 5.0000e+2	4.0400e-21
 7.0000e+2	3.1600e-21
 1.0000e+3	2.3700e-21
 1.5000e+3	1.7200e-21
 2.0000e+3	1.3400e-21
 3.0000e+3	9.7000e-22
 5.0000e+3	6.1000e-22
 7.0000e+3	4.6000e-22
 1.0000e+4	3.4000e-22
------------------------------------------------------------